Match	Color	Team1	Team2	Score	PPM1	PPM2	PPMtot	Score-PPMtot
1	Red	9890	14270	368	71.4	301.8	373.2	-5.2
1	Blue	10376	6369	291	123.5	172.5	296.0	-5.0
2	Red	7093	11115	470	45.0	374.7	419.7	50.3
2	Blue	11184	14568	198	68.9	132.1	201.0	-3.0
3	Red	5485	11316	311	225.5	215.1	440.5	-129.5
3	Blue	7190	7035	219	138.6	73.5	212.1	6.9
4	Red	9867	8644	423	171.9	224.0	395.9	27.1
4	Blue	8813	5842	119	53.4	56.1	109.5	9.5
5	Red	4177	9445	288	162.6	115.8	278.4	9.6
5	Blue	3954	12835	150	158.8	209.9	368.7	-218.7
6	Red	9862	11808	300	119.2	164.1	283.3	16.7
6	Blue	8719	9984	254	114.3	134.9	249.2	4.8
7	Red	10030	3763	361	167.9	190.3	358.1	2.9
7	Blue	6440	10435	374	94.0	264.7	358.7	15.3
8	Red	12531	16142	335	203.8	104.0	307.8	27.2
8	Blue	8680	11301	379	267.9	154.7	422.6	-43.6
9	Red	4924	14320	365	156.9	168.6	325.5	39.5
9	Blue	5143	11525	272	157.8	153.0	310.8	-38.8
10	Red	11302	13917	291	131.6	165.0	296.6	-5.6
10	Blue	10918	13906	364	210.4	123.5	333.9	30.1
11	Red	5975	10273	429	180.3	170.1	350.3	78.7
11	Blue	3216	6010	335	121.3	197.7	319.0	16.0
12	Red	4130	6051	157	51.1	104.1	155.2	1.8
12	Blue	11047	10738	345	181.5	193.8	375.3	-30.3
13	Red	7149	4347	343	233.3	158.9	392.3	-49.3
13	Blue	10091	11095	402	237.6	149.6	387.2	14.8
14	Red	11691	12231	526	199.8	256.5	456.3	69.7
14	Blue	5291	13426	265	165.5	75.1	240.6	24.4
15	Red	6055	9168	385	212.0	132.2	344.3	40.7
15	Blue	10144	12589	453	196.6	233.2	429.9	23.1
16	Red	4318	365	193	142.4	81.6	224.0	-31.0
16	Blue	252	4174	340	116.5	179.8	296.3	43.7
17	Red	5962	5037	272	130.7	140.5	271.2	0.8
17	Blue	9794	6931	320	180.9	185.6	366.5	-46.5
18	Red	8479	6567	422	282.2	157.6	439.7	-17.7
18	Blue	9971	13247	388	268.0	143.2	411.2	-23.2
19	Red	6007	12538	287	146.9	208.6	355.5	-68.5
19	Blue	10582	11248	222	124.6	85.3	210.0	12.0
20	Red	12773	9956	208	122.0	180.4	302.4	-94.4
20	Blue	8528	7129	235	56.4	192.7	249.1	-14.1
21	Red	9867	6051	259	171.9	104.1	276.0	-17.0
21	Blue	9956	9862	226	180.4	119.2	299.6	-73.6
22	Red	4177	4318	350	162.6	142.4	305.0	45.0
22	Blue	9890	6931	233	71.4	185.6	257.0	-24.0
23	Red	4347	7190	254	158.9	138.6	297.5	-43.5
23	Blue	11115	12231	606	374.7	256.5	631.2	-25.2
24	Red	8680	7129	550	267.9	192.7	460.6	89.4
24	Blue	10435	3763	196	264.7	190.3	455.0	-259.0
25	Red	13426	7149	330	75.1	233.3	308.4	21.6
25	Blue	6567	11248	241	157.6	85.3	242.9	-1.9
26	Red	14320	7093	280	168.6	45.0	213.6	66.4
26	Blue	11808	11302	382	164.1	131.6	295.8	86.2
27	Red	9971	10273	434	268.0	170.1	438.1	-4.1
27	Blue	8813	9168	231	53.4	132.2	185.7	45.3
28	Red	10738	9794	248	193.8	180.9	374.6	-126.6
28	Blue	12531	12835	477	203.8	209.9	413.7	63.3
29	Red	16142	4174	364	104.0	179.8	283.8	80.2
29	Blue	11184	10918	288	68.9	210.4	279.3	8.7
30	Red	12773	6010	286	122.0	197.7	319.7	-33.7
30	Blue	11316	9445	341	215.1	115.8	330.8	10.2
31	Red	6440	4924	277	94.0	156.9	250.9	26.1
31	Blue	8644	5037	467	224.0	140.5	364.5	102.5
32	Red	10582	8719	315	124.6	114.3	238.9	76.1
32	Blue	5485	10030	516	225.5	167.9	393.3	122.7
33	Red	12538	11525	432	208.6	153.0	361.5	70.5
33	Blue	11047	252	347	181.5	116.5	298.0	49.0
34	Red	13917	9984	209	165.0	134.9	299.9	-90.9
34	Blue	11095	5291	296	149.6	165.5	315.1	-19.1
35	Red	4130	365	123	51.1	81.6	132.7	-9.7
35	Blue	11301	13247	296	154.7	143.2	297.9	-1.9
36	Red	6055	3216	259	212.0	121.3	333.4	-74.4
36	Blue	6007	10144	293	146.9	196.6	343.5	-50.5
37	Red	10376	13906	203	123.5	123.5	247.0	-44.0
37	Blue	12589	11691	331	233.2	199.8	433.0	-102.0
38	Red	5143	7035	231	157.8	73.5	231.3	-0.3
38	Blue	5962	14270	500	130.7	301.8	432.5	67.5
39	Red	6369	5842	262	172.5	56.1	228.6	33.4
39	Blue	8528	14568	173	56.4	132.1	188.5	-15.5
40	Red	5975	8479	354	180.3	282.2	462.4	-108.4
40	Blue	3954	10091	477	158.8	237.6	396.4	80.6
41	Red	6567	13917	352	157.6	165.0	322.6	29.4
41	Blue	5962	11095	321	130.7	149.6	280.3	40.7
42	Red	9168	14270	319	132.2	301.8	434.0	-115.0
42	Blue	4318	7190	274	142.4	138.6	281.0	-7.0
43	Red	6010	252	338	197.7	116.5	314.2	23.8
43	Blue	14320	14568	275	168.6	132.1	300.7	-25.7
44	Red	11302	9971	398	131.6	268.0	399.6	-1.6
44	Blue	6055	5842	277	212.0	56.1	268.1	8.9
45	Red	11047	10918	326	181.5	210.4	392.0	-66.0
45	Blue	8644	5975	417	224.0	180.3	404.3	12.7
46	Red	11115	10582	489	374.7	124.6	499.3	-10.3
46	Blue	4174	4347	358	179.8	158.9	338.8	19.2
47	Red	10091	9956	416	237.6	180.4	418.0	-2.0
47	Blue	12589	10738	442	233.2	193.8	427.0	15.0
48	Red	10144	13906	335	196.6	123.5	320.1	14.9
48	Blue	8479	3763	460	282.2	190.3	472.4	-12.4
49	Red	7149	5037	314	233.3	140.5	373.8	-59.8
49	Blue	3216	8719	281	121.3	114.3	235.6	45.4
50	Red	8528	5143	210	56.4	157.8	214.2	-4.2
50	Blue	10435	6440	348	264.7	94.0	358.7	-10.7
51	Red	8680	13426	320	267.9	75.1	343.0	-23.0
51	Blue	11808	4177	344	164.1	162.6	326.7	17.3
52	Red	12231	6051	408	256.5	104.1	360.6	47.4
52	Blue	11691	5291	336	199.8	165.5	365.3	-29.3
53	Red	8813	12538	250	53.4	208.6	262.0	-12.0
53	Blue	9867	11525	372	171.9	153.0	324.9	47.1
54	Red	9445	3954	318	115.8	158.8	274.5	43.5
54	Blue	12531	6007	336	203.8	146.9	350.7	-14.7
55	Red	4924	7129	358	156.9	192.7	349.6	8.4
55	Blue	11301	365	218	154.7	81.6	236.3	-18.3
56	Red	11248	9984	94	85.3	134.9	220.3	-126.3
56	Blue	16142	13247	270	104.0	143.2	247.2	22.8
57	Red	6369	11184	242	172.5	68.9	241.4	0.6
57	Blue	10376	5485	339	123.5	225.5	348.9	-9.9
58	Red	9794	6931	431	180.9	185.6	366.5	64.5
58	Blue	11316	9862	431	215.1	119.2	334.2	96.8
59	Red	12835	10273	455	209.9	170.1	380.0	75.0
59	Blue	9890	7093	123	71.4	45.0	116.4	6.6
60	Red	7035	4130	118	73.5	51.1	124.6	-6.6
60	Blue	10030	12773	309	167.9	122.0	289.8	19.2
61	Red	6567	8813	211	157.6	53.4	211.0	0.0
61	Blue	12531	11115	598	203.8	374.7	578.5	19.5
62	Red	8644	6010	355	224.0	197.7	421.7	-66.7
62	Blue	8479	7190	468	282.2	138.6	420.8	47.2
63	Red	11808	9890	156	164.1	71.4	235.5	-79.5
63	Blue	9956	3216	309	180.4	121.3	301.7	7.3
64	Red	14320	4318	349	168.6	142.4	311.0	38.0
64	Blue	11301	9984	305	154.7	134.9	289.7	15.3
65	Red	9445	5842	177	115.8	56.1	171.8	5.2
65	Blue	7093	12835	186	45.0	209.9	254.9	-68.9
66	Red	9867	6055	416	171.9	212.0	384.0	32.0
66	Blue	12538	13426	371	208.6	75.1	283.7	87.3
67	Red	4347	4924	382	158.9	156.9	315.8	66.2
67	Blue	10738	10144	438	193.8	196.6	390.4	47.6
68	Red	5291	12773	304	165.5	122.0	287.5	16.5
68	Blue	11047	5143	272	181.5	157.8	339.3	-67.3
69	Red	7035	5975	142	73.5	180.3	253.7	-111.7
69	Blue	6440	10273	310	94.0	170.1	264.0	46.0
70	Red	5962	10376	178	130.7	123.5	254.2	-76.2
70	Blue	4130	12231	370	51.1	256.5	307.6	62.4
71	Red	11691	11248	286	199.8	85.3	285.1	0.9
71	Blue	6007	8680	325	146.9	267.9	414.8	-89.8
72	Red	13906	10582	161	123.5	124.6	248.1	-87.1
72	Blue	13917	11525	393	165.0	153.0	318.0	75.0
73	Red	3954	12589	403	158.8	233.2	392.0	11.0
73	Blue	9971	13247	445	268.0	143.2	411.2	33.8
74	Red	11184	5037	183	68.9	140.5	209.4	-26.4
74	Blue	9168	3763	232	132.2	190.3	322.5	-90.5
75	Red	10091	365	351	237.6	81.6	319.2	31.8
75	Blue	6931	11095	359	185.6	149.6	335.2	23.8
76	Red	11316	7149	459	215.1	233.3	448.4	10.6
76	Blue	5485	8719	353	225.5	114.3	339.7	13.3
77	Red	9862	7129	326	119.2	192.7	311.9	14.1
77	Blue	252	10435	427	116.5	264.7	381.2	45.8
78	Red	11302	6369	391	131.6	172.5	304.1	86.9
78	Blue	10030	14270	523	167.9	301.8	469.7	53.3
79	Red	6051	9794	288	104.1	180.9	284.9	3.1
79	Blue	10918	4177	237	210.4	162.6	373.1	-136.1
80	Red	14568	8528	168	132.1	56.4	188.5	-20.5
80	Blue	4174	16142	328	179.8	104.0	283.8	44.2
81	Red	4347	14568	188	158.9	132.1	291.0	-103.0
81	Blue	9956	11184	226	180.4	68.9	249.3	-23.3
82	Red	5037	14320	354	140.5	168.6	309.1	44.9
82	Blue	9794	11316	397	180.9	215.1	395.9	1.1
83	Red	3216	6369	308	121.3	172.5	293.8	14.2
83	Blue	3763	9445	228	190.3	115.8	306.0	-78.0
84	Red	11302	4318	321	131.6	142.4	274.1	46.9
84	Blue	5485	4177	423	225.5	162.6	388.1	34.9
85	Red	8479	5143	491	282.2	157.8	440.0	51.0
85	Blue	10091	7129	478	237.6	192.7	430.3	47.7
86	Red	8719	6055	409	114.3	212.0	326.3	82.7
86	Blue	4174	10435	257	179.8	264.7	444.6	-187.6
87	Red	12773	12589	368	122.0	233.2	355.2	12.8
87	Blue	16142	10030	273	104.0	167.9	271.9	1.1
88	Red	10144	9890	240	196.6	71.4	268.0	-28.0
88	Blue	11248	10582	202	85.3	124.6	210.0	-8.0
89	Red	6010	12231	465	197.7	256.5	454.2	10.8
89	Blue	13906	10273	272	123.5	170.1	293.5	-21.5
90	Red	6931	13426	238	185.6	75.1	260.7	-22.7
90	Blue	12538	9862	323	208.6	119.2	327.7	-4.7
91	Red	4130	6440	140	51.1	94.0	145.1	-5.1
91	Blue	11095	7149	418	149.6	233.3	382.9	35.1
92	Red	8528	11047	293	56.4	181.5	237.9	55.1
92	Blue	11691	8644	519	199.8	224.0	423.8	95.2
93	Red	7035	6051	186	73.5	104.1	177.5	8.5
93	Blue	13247	7093	155	143.2	45.0	188.2	-33.2
94	Red	6567	11808	317	157.6	164.1	321.7	-4.7
94	Blue	11301	5842	174	154.7	56.1	210.8	-36.8
95	Red	5962	9984	311	130.7	134.9	265.7	45.3
95	Blue	12835	5975	472	209.9	180.3	390.2	81.8
96	Red	10738	9867	396	193.8	171.9	365.7	30.3
96	Blue	11525	9168	430	153.0	132.2	285.2	144.8
97	Red	365	14270	410	81.6	301.8	383.4	26.6
97	Blue	6007	11115	484	146.9	374.7	521.6	-37.6
98	Red	10918	252	383	210.4	116.5	326.9	56.1
98	Blue	9971	4924	382	268.0	156.9	424.9	-42.9
99	Red	8813	5291	209	53.4	165.5	219.0	-10.0
99	Blue	10376	3954	300	123.5	158.8	282.2	17.8
100	Red	7190	12531	330	138.6	203.8	342.4	-12.4
100	Blue	8680	13917	435	267.9	165.0	432.9	2.1
101	Red	9956	10435	528	180.4	264.7	445.2	82.8
101	Blue	14320	6369	349	168.6	172.5	341.1	7.9
102	Red	10144	13917	349	196.6	165.0	361.6	-12.6
102	Blue	7035	8528	187	73.5	56.4	129.8	57.2
103	Red	11115	4924	592	374.7	156.9	531.6	60.4
103	Blue	10376	5485	355	123.5	225.5	348.9	6.1
104	Red	5291	13906	123	165.5	123.5	289.0	-166.0
104	Blue	5143	8719	228	157.8	114.3	272.1	-44.1
105	Red	4177	12231	436	162.6	256.5	419.1	16.9
105	Blue	252	5962	262	116.5	130.7	247.2	14.8
106	Red	6010	4174	349	197.7	179.8	377.5	-28.5
106	Blue	7190	6931	289	138.6	185.6	324.2	-35.2
107	Red	16142	10091	396	104.0	237.6	341.6	54.4
107	Blue	11095	9867	375	149.6	171.9	321.5	53.5
108	Red	8644	6055	446	224.0	212.0	436.1	9.9
108	Blue	6567	4347	309	157.6	158.9	316.5	-7.5
109	Red	12589	8479	498	233.2	282.2	515.4	-17.4
109	Blue	5842	4318	250	56.1	142.4	198.5	51.5
110	Red	9890	10273	287	71.4	170.1	241.4	45.6
110	Blue	9168	13247	278	132.2	143.2	275.4	2.6
111	Red	9445	7149	383	115.8	233.3	349.1	33.9
111	Blue	11301	11184	245	154.7	68.9	223.6	21.4
112	Red	10918	12538	503	210.4	208.6	419.0	84.0
112	Blue	10030	7093	258	167.9	45.0	212.9	45.1
113	Red	6007	11691	248	146.9	199.8	346.7	-98.7
113	Blue	7129	3763	488	192.7	190.3	383.0	105.0
114	Red	6440	5975	272	94.0	180.3	274.3	-2.3
114	Blue	12531	3954	344	203.8	158.8	362.6	-18.6
115	Red	11047	11316	420	181.5	215.1	396.6	23.4
115	Blue	9794	3216	475	180.9	121.3	302.2	172.8
116	Red	11302	12835	164	131.6	209.9	341.5	-177.5
116	Blue	11248	14568	264	85.3	132.1	217.4	46.6
117	Red	5037	9862	333	140.5	119.2	259.6	73.4
117	Blue	8680	10582	452	267.9	124.6	392.5	59.5
118	Red	8813	9971	333	53.4	268.0	321.4	11.6
118	Blue	11525	4130	240	153.0	51.1	204.1	35.9
119	Red	10738	14270	486	193.8	301.8	495.6	-9.6
119	Blue	12773	6051	286	122.0	104.1	226.0	60.0
120	Red	13426	11808	204	75.1	164.1	239.2	-35.2
120	Blue	9984	365	174	134.9	81.6	216.6	-42.6
121	Red	11808	11525	257	164.1	153.0	317.1	-60.1
121	Blue	9890	12231	303	71.4	256.5	327.9	-24.9
122	Red	13247	10582	281	143.2	124.6	267.8	13.2
122	Blue	6567	8528	194	157.6	56.4	213.9	-19.9
123	Red	13917	11248	267	165.0	85.3	250.3	16.7
123	Blue	11095	11047	337	149.6	181.5	331.1	5.9
124	Red	11184	8680	296	68.9	267.9	336.8	-40.8
124	Blue	7149	3216	413	233.3	121.3	354.7	58.3
125	Red	11301	9794	379	154.7	180.9	335.6	43.4
125	Blue	7129	9867	371	192.7	171.9	364.6	6.4
126	Red	12835	3763	488	209.9	190.3	400.2	87.8
126	Blue	6369	6440	265	172.5	94.0	266.5	-1.5
127	Red	5842	6010	288	56.1	197.7	253.8	34.2
127	Blue	4347	5143	386	158.9	157.8	316.8	69.2
128	Red	7093	5291	234	45.0	165.5	210.5	23.5
128	Blue	14320	16142	231	168.6	104.0	272.6	-41.6
129	Red	10030	5485	421	167.9	225.5	393.3	27.7
129	Blue	7190	12589	377	138.6	233.2	371.8	5.2
130	Red	14568	8719	313	132.1	114.3	246.4	66.6
130	Blue	10273	14270	549	170.1	301.8	471.9	77.1
131	Red	4177	8644	289	162.6	224.0	386.6	-97.6
131	Blue	9984	12773	285	134.9	122.0	256.9	28.1
132	Red	10738	5037	346	193.8	140.5	334.2	11.8
132	Blue	252	13906	250	116.5	123.5	240.0	10.0
133	Red	9971	365	369	268.0	81.6	349.6	19.4
133	Blue	10918	12538	413	210.4	208.6	419.0	-6.0
134	Red	9956	10435	418	180.4	264.7	445.2	-27.2
134	Blue	10091	4924	179	237.6	156.9	394.5	-215.5
135	Red	11691	5962	313	199.8	130.7	330.5	-17.5
135	Blue	11115	4318	558	374.7	142.4	517.1	40.9
136	Red	8813	4130	158	53.4	51.1	104.5	53.5
136	Blue	6007	3954	306	146.9	158.8	305.7	0.3
137	Red	5975	4174	406	180.3	179.8	360.1	45.9
137	Blue	9445	13426	213	115.8	75.1	190.9	22.1
138	Red	11302	11316	336	131.6	215.1	346.7	-10.7
138	Blue	9168	12531	341	132.2	203.8	336.1	4.9
139	Red	6055	6931	326	212.0	185.6	397.7	-71.7
139	Blue	9862	7035	207	119.2	73.5	192.6	14.4
140	Red	6051	8479	358	104.1	282.2	386.2	-28.2
140	Blue	10144	10376	338	196.6	123.5	320.1	17.9
141	Red	9867	7035	274	171.9	73.5	245.4	28.6
141	Blue	11302	8644	373	131.6	224.0	355.7	17.3
142	Red	9984	8528	198	134.9	56.4	191.3	6.7
142	Blue	12773	10738	263	122.0	193.8	315.7	-52.7
143	Red	8680	9445	312	267.9	115.8	383.6	-71.6
143	Blue	9794	5291	369	180.9	165.5	346.4	22.6
144	Red	9956	10273	279	180.4	170.1	350.5	-71.5
144	Blue	4924	12231	280	156.9	256.5	413.4	-133.4
145	Red	7129	10918	294	192.7	210.4	403.2	-109.2
145	Blue	10435	10091	498	264.7	237.6	502.4	-4.4
146	Red	9862	12835	293	119.2	209.9	329.1	-36.1
146	Blue	10376	4130	220	123.5	51.1	174.6	45.4
147	Red	8479	14568	674	282.2	132.1	414.3	259.7
147	Blue	10582	11691	315	124.6	199.8	324.4	-9.4
148	Red	12531	11115	362	203.8	374.7	578.5	-216.5
148	Blue	5975	5962	308	180.3	130.7	311.0	-3.0
149	Red	7190	4174	351	138.6	179.8	318.4	32.6
149	Blue	7093	9971	180	45.0	268.0	313.0	-133.0
150	Red	5842	6440	160	56.1	94.0	150.1	9.9
150	Blue	6010	3954	330	197.7	158.8	356.5	-26.5
151	Red	8813	11301	186	53.4	154.7	208.1	-22.1
151	Blue	5485	7149	398	225.5	233.3	458.8	-60.8
152	Red	252	5037	266	116.5	140.5	257.0	9.0
152	Blue	10030	14270	377	167.9	301.8	469.7	-92.7
153	Red	6931	6567	351	185.6	157.6	343.2	7.8
153	Blue	3216	14320	294	121.3	168.6	289.9	4.1
154	Red	13247	13917	330	143.2	165.0	308.2	21.8
154	Blue	11095	5143	186	149.6	157.8	307.4	-121.4
155	Red	9168	16142	246	132.2	104.0	236.2	9.8
155	Blue	11248	365	157	85.3	81.6	166.9	-9.9
156	Red	4318	6007	167	142.4	146.9	289.3	-122.3
156	Blue	4177	8719	442	162.6	114.3	276.9	165.1
157	Red	13426	12538	255	75.1	208.6	283.7	-28.7
157	Blue	13906	11184	186	123.5	68.9	192.4	-6.4
158	Red	6055	11808	279	212.0	164.1	376.2	-97.2
158	Blue	11316	6051	328	215.1	104.1	319.2	8.8
159	Red	9890	11525	201	71.4	153.0	224.3	-23.3
159	Blue	3763	12589	421	190.3	233.2	423.5	-2.5
160	Red	6369	10144	372	172.5	196.6	369.1	2.9
160	Blue	11047	4347	483	181.5	158.9	340.5	142.5
161	Red	9984	9956	297	134.9	180.4	315.4	-18.4
161	Blue	16142	11115	436	104.0	374.7	478.7	-42.7
162	Red	10376	11248	278	123.5	85.3	208.8	69.2
162	Blue	5291	10091	500	165.5	237.6	403.1	96.9
163	Red	12231	11047	445	256.5	181.5	438.0	7.0
163	Blue	13917	8813	164	165.0	53.4	218.4	-54.4
164	Red	365	11302	214	81.6	131.6	213.3	0.7
164	Blue	4174	5962	312	179.8	130.7	310.5	1.5
165	Red	11095	11691	384	149.6	199.8	349.3	34.7
165	Blue	11184	7035	189	68.9	73.5	142.3	46.7
166	Red	3763	10435	510	190.3	264.7	455.0	55.0
166	Blue	6051	13906	178	104.1	123.5	227.6	-49.6
167	Red	7190	5037	140	138.6	140.5	279.1	-139.1
167	Blue	6369	11525	87	172.5	153.0	325.5	-238.5
168	Red	9890	11316	284	71.4	215.1	286.4	-2.4
168	Blue	8719	10918	341	114.3	210.4	324.7	16.3
169	Red	12773	8680	258	122.0	267.9	389.8	-131.8
169	Blue	6007	12589	380	146.9	233.2	380.1	-0.1
170	Red	14320	4924	350	168.6	156.9	325.5	24.5
170	Blue	6567	11301	337	157.6	154.7	312.3	24.7
171	Red	14270	4177	689	301.8	162.6	464.4	224.6
171	Blue	13426	6055	213	75.1	212.0	287.1	-74.1
172	Red	7149	9445	359	233.3	115.8	349.1	9.9
172	Blue	9794	12835	449	180.9	209.9	390.8	58.2
173	Red	10030	9168	295	167.9	132.2	300.1	-5.1
173	Blue	7129	9867	327	192.7	171.9	364.6	-37.6
174	Red	252	4318	285	116.5	142.4	258.9	26.1
174	Blue	6440	4347	274	94.0	158.9	252.9	21.1
175	Red	7093	5975	211	45.0	180.3	225.3	-14.3
175	Blue	8479	12531	504	282.2	203.8	486.0	18.0
176	Red	9862	8644	304	119.2	224.0	343.2	-39.2
176	Blue	3216	5842	170	121.3	56.1	177.4	-7.4
177	Red	3954	10273	346	158.8	170.1	328.8	17.2
177	Blue	12538	14568	367	208.6	132.1	340.7	26.3
178	Red	11808	10738	504	164.1	193.8	357.9	146.1
178	Blue	10582	5143	407	124.6	157.8	282.5	124.5
179	Red	9971	6010	423	268.0	197.7	465.7	-42.7
179	Blue	4130	10144	266	51.1	196.6	247.8	18.2
180	Red	5485	13247	396	225.5	143.2	368.7	27.3
180	Blue	6931	8528	242	185.6	56.4	242.0	0.0
